SIMULADOR:

 [MSG] 0200 [BITMAP] f23cc48168e180000000000014000000 [2] 168912XXXXXXXX0025 [3] 880058 [4] 000002198000 [7] 0212182957 [11] 203705 [12] 182957 [13] 0212 [14] 2510 [17] 1226 [18] 6010 [22] 210 [25] 64 [32] 06696912 [34] 168912000000500025 [35] 00 [37] 000000000000 [41] QMQM     [42] SCOTIABANK 07   [43] *BANCA INTERNET - APLICATIVO             [48] 0389206000000*450000000000000010000000000 [49] 604 [100] 06696912 [102] 28              457044
 [MSG] 0210 [BITMAP] f23e4581aee1b4000000000000000080 [2] 168912XXXXXXXX0025 [3] 880058 [4] 000002198000 [7] 0212182957 [11] 203705 [12] 182957 [13] 0212 [14] 2510 [15] 0212 [18] 6010 [22] 210 [24] 000 [25] 64 [32] 06696912 [33] 06457044 [35] 37                                      [37] 000000000000 [38] 009084 [39] 00 [41] 00000000 [42] SCOTIABANK 07   [43] *BANCA INTERNET - APLICATIVO             [48] 0389206000000*450006254623032212501399000 [49] 604 [51] 000 [52] 0000000000000000 [54] 000 [121] 360000322120002218900024122000229180002323700022052000223320002187600020720000209410001980500019984000195020001716400018499000174160001748800016426000164540001593100014903000148620001385700013770000132170001183600012082000111370001092700010006000097460000914700008265000079260000707000006678000060440000487800004750000039620000343000002670000020810000139500000679

 [MSG] 0200 [BITMAP] f23cc48168e180000000000014000000 [2] 164943XXXXXXXX5382 [3] 880059 [4] 000000026000 [7] 0212193138 [11] 219974 [12] 193138 [13] 0212 [14] 0000 [17] 1226 [18] 6010 [22] 210 [25] 64 [32] 06696912 [34] 164943860123405382 [35] 00 [37] 000000000000 [41] TOLDDG   [42] SCOTIABANK 11   [43]                                          [48] 0389206000000*060000000000000010000000000 [49] 840 [100] 06696912 [102] 28              457044
 [MSG] 0210 [BITMAP] f23e4581aee1b4000000000000000080 [2] 164943XXXXXXXX5382 [3] 880059 [4] 000000026000 [7] 0212193138 [11] 219974 [12] 193138 [13] 0212 [14] 0000 [15] 0212 [18] 6010 [22] 210 [24] 000 [25] 64 [32] 06696912 [33] 06457044 [35] 37                                      [37] 000000000000 [38] 009084 [39] 00 [41] 00000000 [42] SCOTIABANK 11   [43]                                          [48] 0389206000000*060000507723032212506608000 [49] 840 [51] 000 [52] 0000000000000000 [54] 000 [121] 048000015080000090300000815000006040000042500000210

 [MSG] 0200 [BITMAP] f23cc48168e180000000000014000000 [2] 164241XXXXXXXX2246 [3] 880078 [4] 000000529000 [7] 0216180835 [11] 000028 [12] 180835 [13] 0216 [14] 2408 [17] 1226 [18] 6010 [22] 210 [25] 64 [32] 06696912 [34] 164241381001612246 [35] 00 [37] 000000000000 [41] QMQM     [42] SCOTIABANK 07   [43] *BANCA INTERNET - APLICATIVO             [48] 0389206000000*270000000000000010000000000 [49] 840 [100] 06696912 [102] 28              457044
 [MSG] 0210 [BITMAP] f23e4581aee1b4000000000000000080 [2] 164241XXXXXXXX2246 [3] 880078 [4] 000000529000 [7] 0216180835 [11] 000028 [12] 180835 [13] 0216 [14] 2408 [15] 0216 [18] 6010 [22] 210 [24] 000 [25] 64 [32] 06696912 [33] 06457044 [35] 37                                      [37] 000000000000 [38] 090860 [39] 00 [41] 00000000 [42] SCOTIABANK 07   [43] *BANCA INTERNET - APLICATIVO             [48] 0389206000000*270002300411042212601399000 [49] 840 [51] 000 [52] 0000000000000000 [54] 000 [121] 216000106890000585900005481000054660000509600005064000048600000450400004445000040970000402000003805000032380000336300003038000029140000259900002455000022220000192200001747000014570000126200001015000007160000051300000250

 [MSG] 0200 [BITMAP] f23cc48168e180000000000014000000 [2] 168912XXXXXXXX3918 [3] 880079 [4] 000000650000 [7] 0212155153 [11] 158618 [12] 155153 [13] 0212 [14] 2511 [17] 1226 [18] 6010 [22] 210 [25] 64 [32] 06696912 [34] 168912000000623918 [35] 00 [37] 200820158618 [41] S1881001 [42] SCOTIABANK 11   [43] EXPERIENCIA CLIENTES Y PROYEC            [48] 0389206000000*360000000000000010000000000 [49] 604 [100] 06696912 [102] 28              457044
 [MSG] 0210 [BITMAP] f23e4581aee1b4000000000000000080 [2] 168912XXXXXXXX3918 [3] 880079 [4] 000000650000 [7] 0212155153 [11] 158618 [12] 155153 [13] 0212 [14] 2511 [15] 0212 [18] 6010 [22] 210 [24] 000 [25] 64 [32] 06696912 [33] 06457044 [35] 37                                      [37] 200820158618 [38] 081778 [39] 00 [41] 00000000 [42] SCOTIABANK 11   [43] EXPERIENCIA CLIENTES Y PROYEC            [48] 0389206000000*360002725805042212503099000 [49] 604 [51] 000 [52] 0000000000000000 [54] 000 [121] 288000263530001526500014495000146830001391800014074000137640001300800013111000123620001242800012079000105760001133000010598000105640000983900009761000093500000863700008491000077870000759200007129000062220000616100005480000051530000448200004097000035520000289700002422000017780000123900000627

 ----
 PAGOS:

 [MSG] 0200 [BITMAP] f23cc48168e180000000000014000000 [2] 168912XXXXXXXX9099 [3] 870000 [4] 000000086670 [7] 0215043307 [11] 022718 [12] 043307 [13] 0215 [14] 2510 [17] 1226 [18] 6012 [22] 210 [25] 64 [32] 06696912 [34] 168912000000529099 [35] 00 [37] 200824022718 [41] TOLDNDIG [42] SCOTIABANK 11   [43] *BANCA INTERNET - APLICATIVO             [48] 000 [49] 604 [100] 06696912 [102] 28              457044
 [MSG] 0210 [BITMAP] f23e4581aee1b4000000000000000080 [2] 168912XXXXXXXX9099 [3] 870000 [4] 000000086670 [7] 0215043307 [11] 022718 [12] 043307 [13] 0215 [14] 2510 [15] 0215 [18] 6012 [22] 210 [24] 000 [25] 64 [32] 06696912 [33] 06457044 [35] 37                                      [37] 200824022718 [38] 005243 [39] 00 [41] 00000000 [42] SCOTIABANK 11   [43] *BANCA INTERNET - APLICATIVO             [48] 000 [49] 604 [51] 000 [52] 0000000000000000 [54] 000 [121] 000

 [MSG] 0200 [BITMAP] f23cc48148e080000000000010000000 [2] 143610XXXXXX7054 [3] 870000 [4] 000000018200 [7] 0215043425 [11] 953863 [12] 043425 [13] 0215 [14] 2511 [17] 0000 [18] 6010 [22] 210 [25] 64 [32] 06696991 [34] 1436100401507054 [37] 200824043425 [41] TD105101 [42] NV              [43] AGENCIA SAN ISIDRO-535 LIMA           PE [49] 840 [100] 06696991
 [MSG] 0210 [BITMAP] f23880810ec184000000000014000080 [2] 143610XXXXXX7054 [3] 870000 [4] 000000018200 [7] 0215043425 [11] 953863 [12] 043425 [13] 0215 [17] 0215 [25] 64 [32] 06696991 [37] 200824043425 [38] 005289 [39] 00 [41] 00000000 [42] NV              [48] 000 [49] 840 [54] 000 [100] 06457044 [102] 28                             [121] 000

 [MSG] 0200 [BITMAP] f23cc48168e180000000000014000000 [2] 164241XXXXXXXX0138 [3] 870068 [4] 000000000343 [7] 0214173703 [11] 882014 [12] 173703 [13] 0214 [14] 2310 [17] 1226 [18] 6012 [22] 210 [25] 64 [32] 06696912 [34] 168812050000562724 [35] 00 [37] 200824882014 [41] S2300221 [42] SCOTIABANK 11   [43] AGENCIA HIGUERETA                        [48] 000 [49] 604 [100] 06696912 [102] 28              457044
 [MSG] 0210 [BITMAP] f23e4581aee1b4000000000000000080 [2] 164241XXXXXXXX0138 [3] 870068 [4] 000000000343 [7] 0214173703 [11] 882014 [12] 173703 [13] 0214 [14] 2310 [15] 0214 [18] 6012 [22] 210 [24] 000 [25] 64 [32] 06696912 [33] 06457044 [35] 37                                      [37] 200824882014 [38] 098005 [39] 00 [41] 00000000 [42] SCOTIABANK 11   [43] AGENCIA HIGUERETA                        [48] 000 [49] 604 [51] 000 [52] 0000000000000000 [54] 000 [121] 000

 [MSG] 0200 [BITMAP] f23cc48168e180000000000014000000 [2] 164241XXXXXXXX8479 [3] 870068 [4] 000001766078 [7] 0214174825 [11] 889428 [12] 174825 [13] 0214 [14] 2408 [17] 1226 [18] 6012 [22] 210 [25] 64 [32] 06696912 [34] 168812050000808010 [35] 00 [37] 200824889428 [41] S7070211 [42] SCOTIABANK 11   [43] AG REAL PLAZA CAJAMARCA                  [48] 000 [49] 604 [100] 06696912 [102] 28              457044
 [MSG] 0210 [BITMAP] f23e4581aee1b4000000000000000080 [2] 164241XXXXXXXX8479 [3] 870068 [4] 000001766078 [7] 0214174825 [11] 889428 [12] 174825 [13] 0214 [14] 2408 [15] 0214 [18] 6012 [22] 210 [24] 000 [25] 64 [32] 06696912 [33] 06457044 [35] 37                                      [37] 200824889428 [38] 099901 [39] 00 [41] 00000000 [42] SCOTIABANK 11   [43] AG REAL PLAZA CAJAMARCA                  [48] 000 [49] 604 [51] 000 [52] 0000000000000000 [54] 000 [121] 000

 [MSG] 0200 [BITMAP] f23cc48168e180000000000014000000 [2] 168912XXXXXXXX6094 [3] 879068 [4] 000002347760 [7] 0214170853 [11] 863238 [12] 170853 [13] 0214 [14] 2505 [17] 1226 [18] 6010 [22] 210 [25] 64 [32] 06696912 [34] 168912000000126094 [35] 00 [37] 200824863238 [41] TOLDDG   [42] SCOTIABANK 11   [43] *BANCA INTERNET - APLICATIVO             [48] 000 [49] 604 [100] 06696912 [102] 28              457044
 [MSG] 0210 [BITMAP] f23e4581aee1b4000000000000000080 [2] 168912XXXXXXXX6094 [3] 879068 [4] 000002347760 [7] 0214170853 [11] 863238 [12] 170853 [13] 0214 [14] 2505 [15] 0214 [18] 6010 [22] 210 [24] 000 [25] 64 [32] 06696912 [33] 06457044 [35] 37                                      [37] 200824863238 [38] 093276 [39] 00 [41] 00000000 [42] SCOTIABANK 11   [43] *BANCA INTERNET - APLICATIVO             [48] 000 [49] 604 [51] 000 [52] 0000000000000000 [54] 000 [121] 000
 
 [MSG] 0200 [BITMAP] f23cc48168e180000000000014000000 [2] 168841XXXXXXXX3007 [3] 879068 [4] 000000217557 [7] 0214174326 [11] 885930 [12] 174326 [13] 0214 [14] 2205 [17] 1226 [18] 6010 [22] 210 [25] 64 [32] 06696912 [34] 168841130000163007 [35] 00 [37] 200824885930 [41] TOLDDG   [42] SCOTIABANK 11   [43] *BANCA INTERNET - APLICATIVO             [48] 000 [49] 604 [100] 06696912 [102] 28              457044
 [MSG] 0210 [BITMAP] f23e4581aee1b4000000000000000080 [2] 168841XXXXXXXX3007 [3] 879068 [4] 000000217557 [7] 0214174326 [11] 885930 [12] 174326 [13] 0214 [14] 2205 [15] 0214 [18] 6010 [22] 210 [24] 000 [25] 64 [32] 06696912 [33] 03998 [35] 37                                      [37] 200824885930 [38] 099055 [39] 00 [41] 00000000 [42] SCOTIABANK 11   [43] *BANCA INTERNET - APLICATIVO             [48] 000 [49] 604 [51] 000 [52] 0000000000000000 [54] 000 [121] 000

 
 ----
 RETIROS:

 [MSG] 0200 [BITMAP] f23cc48168e180000000000014000000 [2] 164544XXXXXXXX3172 [3] 019000 [4] 000000300000 [7] 0211125346 [11] 713970 [12] 125346 [13] 0211 [14] 2411 [17] 1226 [18] 6010 [22] 210 [25] 64 [32] 06696912 [34] 164544480104263172 [35] 00 [37] 465363002100 [41] TOLDDG   [42] SCOTIABANK 07   [43] *BANCA INTERNET - APLICATIVO             [48] 0279206000000*0300000000000000 [49] 604 [100] 06696912 [102] 28              457044
 [MSG] 0210 [BITMAP] f23e4581aee1b4000000000000000080 [2] 164544XXXXXXXX3172 [3] 019000 [4] 000000300000 [7] 0211125346 [11] 713970 [12] 125346 [13] 0211 [14] 2411 [15] 0211 [18] 6010 [22] 210 [24] 000 [25] 64 [32] 06696912 [33] 06457044 [35] 37                                      [37] 465363002100 [38] 045718 [39] 00 [41] 00000000 [42] SCOTIABANK 07   [43] *BANCA INTERNET - APLICATIVO             [48] 0279206000000*0300111837220322 [49] 604 [51] 000 [52] 0000000000000000 [54] 000 [121] 0279206000000*0300111837220322

 [MSG] 0200 [BITMAP] f23cc48168e180000000000014000000 [2] 164141XXXXXXXX5476 [3] 019068 [4] 000001509999 [7] 1122163802 [11] 948463 [12] 163802 [13] 1122 [14] 2610 [17] 1226 [18] 6010 [22] 210 [25] 64 [32] 06696912 [34] 168841120000791097 [35] 00 [37] 050265000700 [41] S3100321 [42] SCOTIABANK 11   [43] AGENCIA MERCADERES                       [48] 0279206000000*6000000000000000 [49] 604 [100] 06696912 [102] 28              457044
 [MSG] 0210 [BITMAP] f23e4581aee1b4000000000000000080 [2] 164141XXXXXXXX5476 [3] 019068 [4] 000001509999 [7] 1122163802 [11] 948463 [12] 163802 [13] 1122 [14] 2610 [15] 1122 [18] 6010 [22] 210 [24] 000 [25] 64 [32] 06696912 [33] 06457044 [35] 37                                      [37] 050265000700 [38] 081549 [39] 00 [41] 00000000 [42] SCOTIABANK 11   [43] AGENCIA MERCADERES                       [48] 0279206000000*6000047675170122 [49] 604 [51] 000 [52] 0000000000000000 [54] 000 [121] 0279206000000*6000047675170122

 [MSG] 0200 [BITMAP] f23cc48168e180000000000014000000 [2] 164241XXXXXXXX4064 [3] 013066 [4] 000010000000 [7] 1203123041 [11] 000400 [12] 123041 [13] 1203 [14] 2304 [17] 1203 [18] 6010 [22] 210 [25] 64 [32] 06696912 [34] 164241381901004064 [35] 00 [37] 000000000000 [41] TOLDNOCH [42] SCOTIABANK 07   [43] *BANCA INTERNET - APLICATIVO             [48] 0389206000000*010000000000000000000000000 [49] 840 [100] 06696912 [102] [00][00]
 [MSG] 0210 [BITMAP] f23e4581aee1b4000000000000000080 [2] 164241XXXXXXXX4064 [3] 013066 [4] 000010000000 [7] 1203123041 [11] 000400 [12] 123041 [13] 1203 [14] 2304 [15] 1203 [18] 6010 [22] 210 [24] 000 [25] 64 [32] 06696912 [33] 06457044 [35] 37                                      [37] 000000000000 [38]        [39] 67 [41] 00000000 [42] SCOTIABANK 07   [43] *BANCA INTERNET - APLICATIVO             [48] 0389206000000*010000000000000000000000000 [49] 840 [51] 000 [52] 0000000000000000 [54] 000 [121] 000

 [MSG] 0200 [BITMAP] f23cc48168e180000000000014000000 [2] 164241XXXXXXXX4064 [3] 013066 [4] 000000001000 [7] 1203123041 [11] 000403 [12] 123041 [13] 1203 [14] 2304 [17] 1203 [18] 6010 [22] 210 [25] 64 [32] 06696912 [34] 164241381901004064 [35] 00 [37] 000000000000 [41] TOLDNOCH [42] SCOTIABANK 07   [43] *BANCA INTERNET - APLICATIVO             [48] 0389206000000*010000000000000000000000000 [49] 840 [100] 06696912 [102] [00][00]
 [MSG] 0210 [BITMAP] f23e4581aee1b4000000000000000080 [2] 164241XXXXXXXX4064 [3] 013066 [4] 000000001000 [7] 1203123041 [11] 000403 [12] 123041 [13] 1203 [14] 2304 [15] 1203 [18] 6010 [22] 210 [24] 000 [25] 64 [32] 06696912 [33] 06457044 [35] 37                                      [37] 000000000000 [38] 000001 [39] 00 [41] 00000000 [42] SCOTIABANK 07   [43] *BANCA INTERNET - APLICATIVO             [48] 0389206000000*010000100026052000000       [49] 840 [51] 000 [52] 0000000000000000 [54] 000 [121] 0389206000000*010000100026052000000

 